68138
2355
33557
15413
20256
19548
72236
42411
81695
85551
20353
83764
16430
75107
5998
95418
78205
90620
55699
23543
70164
52363
79415
35169
44037
35317
12387
42109
99280
13411
62674
68271
61755
82693
45256
10203
78633
90616
23261
91764
44320
18107
73121
21775
92733
42730
98998
88872
4834
79671
43943
28413
57880
50527
48290
76857
98810
62344
65140
18750
92576
41165
6612
3801
29920
6948
44177
74509
73214
8192
93918
48750
44094
69744
69201
75835
7826
82963
25305
82872
29937
12454
75469
84576
14506
55124
98988
28046
79564
61486
48683
73581
27002
53844
72383
71811
1235
49010
91834
45754
58012
29088
99722
19307
73566
36676
22640
87145
12703
54282
68287
92078
73052
50867
71111
36772
32792
74317
41199
31867
12613
6876
25266
55
37286
70664
75789
2539
72581
43323
30645
94449
50014
47302
28035
80911
72940
50153
8590
98034
19724
18224
76535
51756
87209
11440
66026
40022
15323
52575
19794
66710
22964
34327
62990
76770
1674
80722
11271
86306
67477
39534
98140
35469
68370
71298
88339
65483
48127
13788
60284
15639
95497
88157
53783
99733
86069
94108
42987
96085
24915
4063
60696
97257
23006
41926
37396
90780
39051
50149
4273
47428
60824
70678
95873
37413
45387
41036
28847
93442
99977
40434
73199
88097
6070
90598
46984
50134
28991
84564
3153
7691
53038
97699
13877
64881
77237
30177
65627
26313
65220
12107
99142
8856
61857
29499
60641
93326
55721
37204
24620
23365
50471
84451
12557
47646
86901
11751
16928
53148
52934
99842
66275
49566
20515
58740
28709
39756
34523
71064
56441
76560
46748
47755
64172
69031
29714
58343
98112
53522
99372
15247
14768
71441
1427
85135
76404
83621
2663
8064
22869
298
16465
70098
18443
71346
23915
26470
6580
9033
47773
20419
34006
54240
31083
34101
22727
39706
38074
98781
34875
91173
68432
17436
86759
41229
10784
64219
38857
78363
83013
13518
70919
53491
29029
83701
72986
6388
73636
79799
32858
88344
21724
64077
11371
3962
17967
7853
89739
72551
36162
87091
12568
61732
80146
62563
92234
30610
55454
36578
81452
87870
3014
6498
74766
8599
65112
2537
32707
63001
34169
88467
1817
12040
37152
92791
70086
45048
26671
6008
27175
41558
30695
15168
31490
72146
19327
72082
65564
57541
12412
91804
37881
53765
64578
30249
28026
81520
35700
12046
99198
56715
41414
63509
85113
40673
61273
39731
98617
17232
44042
49984
79554
7774
25729
44567
63701
12437
99689
53602
14248
93898
66593
62585
40627
21511
33836
97385
71556
90365
31897
95756
77749
82388
98924
59565
23304
88354
97002
46956
79013
73908
77671
9280
71324
75990
35778
19170
29400
87195
49017
22191
7545
45266
77711
48069
39995
38239
2614
29444
98237
21188
85965
19667
92364
81759
81618
69864
19199
51748
67967
61781
70476
52723
85804
53966
6280
47177
98975
60798
48564
43458
7943
11425
76637
96820
18736
77760
58556
49946
83934
56515
89584
44985
38861
23160
98295
74364
10577
74069
60319
54192
42022
15955
42037
29829
5108
33768
11979
19318
23651
43399
42858
8292
94550
3241
58726
41922
74888
81506
71894
75005
16323
63707
28860
30600
90916
91223
8353
6547
95470
12459
29086
90894
78887
57911
65672
39982
20210
24590
14440
33852
60186
9997
83336
69916
98532
40938
26853
70623
7991
98907
98432
43324
33795
10265
79579
23977
35187
60785
99031
7883
66387
88533
14486
26184
39404
51834
40809
37048
34174
38030
49627
58872
30640
89000
55036
18897
65699
52416
67854
46198
71989
40311
9291
64949
76795
75567
47207
68315
24143
91761
500
86373
62751
33768
81611
18819
29067
68109
91519
98812
52825
78693
71524
52138
7297
19462
95424
29065
23778
92319
46859
89241
53959
31041
9967
6148
60962
81290
47039
79737
78317
57298
50632
71773
36183
18439
95806
10232
99747
38900
43894
98260
7686
33381
73488
8280
58176
56434
14722
29694
87249
40250
38905
56598
37039
14472
35339
16519
53310
46217
79508
82292
21560
29628
54430
11725
28237
18365
34674
54879
22743
54524
27503
36529
16439
52517
68318
18832
25878
25871
52091
10260
58345
61595
82336
24038
62530
35912
34030
85441
39712
40876
67534
28128
61243
64334
8727
12608
65255
41850
32128
50295
48823
46032
48718
69470
89706
65727
99448
67602
48558
4275
51402
63301
91077
62828
53335
21359
42428
2984
5214
1990
72159
3856
76536
13227
1812
17081
44034
17235
38909
47751
36719
28140
29255
66431
11500
66578
15004
16056
75414
7765
11574
40077
185
19013
17467
93883
97226
54079
81204
47253
91949
15049
20949
24947
10473
90619
4784
7534
74535
31271
59931
40736
33344
23151
60062
22902
35303
83974
36911
60549
99409
78835
16286
69653
61944
36613
63067
51325
61286
62259
76749
85013
71496
43466
97483
49197
5135
49172
11758
59245
62811
55752
56534
5622
85733
92341
45273
8374
86973
49262
48475
35481
43260
9623
46336
46107
42080
7711
47566
94239
35410
95896
58520
28369
32775
91917
70395
19534
45873
13010
85391
23933
51657
75942
39765
807
71469
46077
93858
57780
27573
68298
56533
93945
48149
58044
92098
13637
22437
43667
49757
44532
62514
95554
65071
46606
14454
98877
38985
13702
69951
3160
22591
74204
67338
55582
27321
3564
16403
67277
11987
69998
50772
57327
38480
39271
63764
36268
27430
8392
1443
10582
15761
28901
62242
42122
78707
13827
34287
28972
74648
83200
36240
69879
73539
58251
60316
30332
58802
56725
95234
53109
64481
19886
9545
29535
46637
14631
34780
49550
73268
81184
24704
52984
98160
82650
24643
67142
24114
86757
73401
77599
80302
11311
60315
90672
23055
16577
35221
56607
73124
18111
68702
12703
63037
4407
65110
27511
64540
71659
92826
54300
61712
67191
13967
51420
30268
96562
66401
53395
10980
60757
33602
50980
67763
21040
61255
63655
9277
40484
13919
83282
33667
48545
70631
90569
27126
54176
78421
39890
50028
8340
88202
44116
22251
25915
88256
47540
72814
10518
85113
15410
53547
75135
81714
63336
15050
18255
94280
27162
46800
10145
27337
15703
22185
27842
54196
27769
98735
75084
16735
29264
74571
44930
42106
85813
71326
48140
99074
73268
61037
86175
98614
59383
77678
71405
1918
91558
31340
89699
92607
71525
3783
56622
94306
80492
8531
22238
23275
16233
76478
84718
69605
60324
39250
9829
84652
74153
26192
13019
7105
43156
34125
72749
40664
58340
